RPM Values Tested 
[1000, 1100, 1200, 1300, 1400, 1500, 1600, 1700, 1800, 1900, 2000, 2100, 2200, 2300, 2400, 2500, 2600, 2700, 2800, 2900, 3000, 3100, 3200, 3300, 3400, 3500, 3600, 3700, 3800, 3900, 4000, 4100, 4200, 4300, 4400, 4500, 4600, 4700, 4800, 4900, 5000, 5100, 5200, 5300, 5400, 5500, 5600, 5700, 5800, 5900, 6000, 6100, 6200, 6300, 6400, 6500, 6600, 6700]

Speeds in MPH for Gear 1 
[5.51, 6.06, 6.61, 7.16, 7.71, 8.26, 8.81, 9.36, 9.92, 10.47, 11.02, 11.57, 12.12, 12.67, 13.22, 13.77, 14.32, 14.87, 15.42, 15.97, 16.53, 17.08, 17.63, 18.18, 18.73, 19.28, 19.83, 20.38, 20.93, 21.48, 22.03, 22.58, 23.14, 23.69, 24.24, 24.79, 25.34, 25.89, 26.44, 26.99, 27.54, 28.09, 28.64, 29.19, 29.75, 30.3, 30.85, 31.4, 31.95, 32.5, 33.05, 33.6, 34.15, 34.7, 35.25, 35.8, 36.36, 36.91]

Speeds in MPH for Gear 2 
[9.26, 10.19, 11.11, 12.04, 12.96, 13.89, 14.82, 15.74, 16.67, 17.59, 18.52, 19.45, 20.37, 21.3, 22.22, 23.15, 24.08, 25.0, 25.93, 26.85, 27.78, 28.71, 29.63, 30.56, 31.48, 32.41, 33.34, 34.26, 35.19, 36.11, 37.04, 37.97, 38.89, 39.82, 40.74, 41.67, 42.6, 43.52, 44.45, 45.37, 46.3, 47.23, 48.15, 49.08, 50.0, 50.93, 51.86, 52.78, 53.71, 54.63, 55.56, 56.49, 57.41, 58.34, 59.27, 60.19, 61.12, 62.04]

Speeds in MPH for Gear 3 
[14.01, 15.42, 16.82, 18.22, 19.62, 21.02, 22.42, 23.82, 25.23, 26.63, 28.03, 29.43, 30.83, 32.23, 33.63, 35.03, 36.44, 37.84, 39.24, 40.64, 42.04, 43.44, 44.84, 46.25, 47.65, 49.05, 50.45, 51.85, 53.25, 54.65, 56.06, 57.46, 58.86, 60.26, 61.66, 63.06, 64.46, 65.87, 67.27, 68.67, 70.07, 71.47, 72.87, 74.27, 75.68, 77.08, 78.48, 79.88, 81.28, 82.68, 84.08, 85.49, 86.89, 88.29, 89.69, 91.09, 92.49, 93.89]

Speeds in MPH for Gear 4 
[18.26, 20.08, 21.91, 23.73, 25.56, 27.38, 29.21, 31.04, 32.86, 34.69, 36.51, 38.34, 40.16, 41.99, 43.82, 45.64, 47.47, 49.29, 51.12, 52.94, 54.77, 56.6, 58.42, 60.25, 62.07, 63.9, 65.72, 67.55, 69.38, 71.2, 73.03, 74.85, 76.68, 78.5, 80.33, 82.15, 83.98, 85.81, 87.63, 89.46, 91.28, 93.11, 94.93, 96.76, 98.59, 100.41, 102.24, 104.06, 105.89, 107.71, 109.54, 111.37, 113.19, 115.02, 116.84, 118.67, 120.49, 122.32]

Speeds in MPH for Gear 5 
[23.81, 26.19, 28.57, 30.95, 33.33, 35.71, 38.09, 40.47, 42.85, 45.23, 47.61, 49.99, 52.37, 54.75, 57.14, 59.52, 61.9, 64.28, 66.66, 69.04, 71.42, 73.8, 76.18, 78.56, 80.94, 83.32, 85.7, 88.08, 90.46, 92.84, 95.23, 97.61, 99.99, 102.37, 104.75, 107.13, 109.51, 111.89, 114.27, 116.65, 119.03, 121.41, 123.79, 126.17, 128.55, 130.94, 133.32, 135.7, 138.08, 140.46, 142.84, 145.22, 147.6, 149.98, 152.36, 154.74, 157.12, 159.5]

